276.0200189
275.9948817
275.925405
275.677426
275.7851999
275.9930664
276.1037853
276.1030061
275.8830276
276.0467692
276.051279
276.0218175
276.032761
276.1558457
276.4046249
276.170321
276.0349664
276.1765361
276.0386919
275.9429223
276.219646
275.9887352
275.878241
276.0496167
276.3130572
276.2611266
276.295053
276.1636973
276.0891922
276.2415067
276.3062963
276.5371219
276.2569267
276.3282605
276.198468
276.1781011
276.2887246
276.4136973
276.4291143
276.3517258
276.2014542
276.2194328
276.2343648
276.1323856
276.2371067
276.4505643
276.1272584
276.0218836
275.9341094
276.236882
276.0870495
275.9462099
276.1104379
276.0495368
276.336079
276.224821
276.1638494
276.491589
276.546544
276.5489718
276.415295
276.0039748
276.1426956
276.0872641
276.1995515
276.1049289
276.3785255
276.2943631
276.1039751
276.0498466
276.2293204
276.2216485
276.2833786
276.2733553
276.1495016
276.0832766
276.3653005
276.5042773
276.5506776
276.5905549
276.6162495
276.7374863
276.3908007
276.5692876
276.4548286
276.4239435
276.4805313
276.6286925
276.4907076
276.7059726
276.6702503
276.2994358
276.2787382
276.4306882
276.3535467
276.3343028
276.6482438
276.6245341
276.6451911
276.9743687
276.8439201
276.7902338
277.3197444
277.1661543
277.0709876
277.0983209
276.9393573
277.2436928
276.9597396
276.9855165
277.0502365
276.9092724
277.1180968
277.1024871
277.3147501
277.655828
277.5328094
277.4328834
277.3762318
277.2283612
277.4493336
277.5370534
277.5343062
277.3741289
277.5612329
277.4898343
277.5628921
277.6708729
277.7989184
277.6914234
277.703786
277.5684123
277.9219588
277.9104235
278.0184952
277.8659638
278.0071073
277.9605873
277.9044976
278.1375548
277.9717418
278.1535427
278.2393487
278.3426024
278.3655679
278.3243973
278.4682644
278.4569029
278.5663555
278.5092974
278.6100092
278.6663115
278.8065196
278.6665973
278.7786493
278.7180567
278.8654241
279.0986072
279.1486599
279.1514104
279.2903058
279.3844501
279.3101103
279.4060541
279.3414174
279.3887033
279.5652319
279.592245
279.8433909
279.7036347
279.734453
279.8332831
279.9416479
280.1833433
280.064892
279.9608807
280.2018816
280.087548
280.2259025
280.4164538
280.2810431
280.3293273
280.5188578
280.6447236
280.7219558
280.5542585
280.2612779
280.4634942
280.7006128
280.6846069
280.8864101
280.9620773
281.0886014
281.0268046
280.9357586
