2.773196553471542529e+02
2.773135956617708189e+02
2.772993744553356805e+02
2.772861987202991827e+02
2.772800409106530992e+02
2.772812634494171675e+02
2.772877267718124017e+02
2.772970346855514663e+02
2.773064901375166187e+02
2.773134430352050686e+02
2.773164973165411880e+02
2.773169438445744959e+02
2.773194618723438225e+02
2.773297015071806300e+02
2.773500171960542389e+02
2.773779604644513483e+02
2.774081278911930326e+02
2.774352465111657580e+02
2.774568685713886680e+02
2.774737074806246824e+02
2.774877304212000126e+02
2.775003993346641664e+02
2.775123287147075644e+02
2.775240195233511145e+02
2.775359601897684456e+02
2.775472210501467316e+02
2.775551883850841932e+02
2.775580245048370784e+02
2.775566472451988034e+02
2.775534488173604473e+02
2.775498310851453425e+02
2.775462992178362356e+02
2.775445874291466453e+02
2.775475866880847775e+02
2.775564755377696997e+02
2.775690454134361858e+02
2.775812724641398859e+02
2.775902941135362312e+02
2.775960280655471593e+02
2.776000960749393585e+02
2.776037217322955826e+02
2.776071513500330639e+02
2.776099858233206419e+02
2.776115464572641258e+02
2.776123735201682052e+02
2.776149522194191377e+02
2.776210138263377303e+02
2.776291853924985276e+02
2.776368432081454216e+02
2.776424111853153818e+02
2.776448048962969892e+02
2.776429697305801483e+02
2.776374688030050493e+02
2.776314219937534631e+02
2.776285707795585722e+02
2.776302990010838698e+02
2.776348743388483626e+02
2.776389183394016982e+02
2.776387485519101119e+02
2.776314126224004895e+02
2.776161899162133295e+02
2.775954429328439232e+02
2.775741916967622274e+02
2.775584797274385096e+02
2.775518132025543423e+02
2.775527936184377040e+02
2.775580298299172455e+02
2.775661699796127664e+02
2.775776879246650424e+02
2.775927565911584907e+02
2.776107527934999553e+02
2.776308570288316560e+02
2.776524119438151388e+02
2.776751426391456903e+02
2.776993417098508417e+02
2.777254588072304955e+02
2.777530335636710674e+02
2.777797909786181663e+02
2.778019311374109179e+02
2.778157702914054994e+02
2.778200689499935265e+02
2.778187583803689336e+02
2.778212546952984212e+02
2.778367768351693599e+02
2.778676452215779591e+02
2.779091861032887891e+02
2.779538806572732028e+02
2.779936398559096915e+02
2.780202611714855152e+02
2.780280214458355772e+02
2.780191176487023199e+02
2.780056110184288514e+02
2.780025736179069327e+02
2.780190221101732391e+02
2.780555908980959430e+02
2.781070758730513717e+02
2.781653612090336196e+02
2.782225160028992264e+02
2.782732030602904842e+02
2.783152600196947333e+02
2.783491854303218247e+02
2.783776433700181769e+02
2.784048801290344954e+02
2.784348167904732918e+02
2.784683437306666178e+02
2.785027118109702542e+02
2.785343354647135925e+02
2.785622720131777328e+02
2.785884148247735084e+02
2.786143833633349232e+02
2.786396825081731663e+02
2.786633871179051312e+02
2.786854547787019101e+02
2.787057728426404992e+02
2.787240564080249214e+02
2.787406062581541164e+02
2.787564058411572319e+02
2.787738324975804858e+02
2.787968640909866167e+02
2.788284849988963856e+02
2.788680873388627219e+02
2.789126916836341934e+02
2.789593835220294977e+02
2.790051876176459018e+02
2.790467484300864385e+02
2.790818852694198426e+02
2.791110491319749372e+02
2.791370851938504529e+02
2.791633049345256268e+02
2.791918272463290123e+02
2.792232820260338713e+02
2.792565568647690952e+02
2.792896330555847157e+02
2.793221393144463036e+02
2.793558946701095920e+02
2.793925357549786099e+02
2.794316187151146096e+02
2.794707332028984297e+02
2.795072358285971177e+02
2.795399356971662996e+02
2.795688492814176698e+02
2.795939758125683170e+02
2.796150063571751048e+02
2.796323923355975580e+02
2.796484507586944801e+02
2.796664880546612721e+02
2.796883319905480221e+02
2.797129521867212247e+02
2.797378835745010406e+02
2.797618724678729905e+02
2.797853533661957499e+02
2.798088928264938318e+02
2.798324678194159105e+02
2.798555860150112835e+02
2.798775558940493511e+02
2.798990188894977678e+02
2.799227433659328312e+02
2.799507654892224195e+02
2.799818147726928714e+02
2.800131576137997627e+02
2.800430229311839412e+02
2.800700792841061570e+02
2.800925259525940874e+02
2.801087565390877216e+02
2.801183720307373051e+02
2.801232441545821530e+02
2.801280563066696345e+02
2.801381277539218786e+02
2.801558871549437981e+02
2.801799279834106073e+02
2.802066274531156296e+02
2.802323409027360981e+02
2.802556243836171461e+02
2.802776599448469597e+02
2.802996953448125055e+02
2.803212080209538044e+02
2.803411820492368633e+02
2.803594033996290023e+02
2.803759042107675441e+02
2.803898864625788292e+02
2.803999530812039325e+02
2.804062007796262606e+02
2.804111147959464461e+02
2.804167997191256063e+02
2.804224357008923789e+02
2.804261320819749130e+02
2.804280362051624707e+02
2.804297384817236320e+02
2.804316774183270127e+02
2.804333443309918152e+02
2.804352608986691280e+02
2.804385638258624454e+02
2.804430387173445069e+02
2.804471030963924250e+02
2.804495995900222738e+02